10	 2 4 0
10	 1 2 0
10	 1 3 0
10	 1 4 0
10	 1 5 0
10	 2 3 0
10	 2 6 0
10	 3 5 0
10	 3 6 0
10	 4 5 0
10	 4 6 0
10	 5 6 0
1	 0
2	 1 2 5 6 0
2	 1 3 4 6 0
2	 2 3 4 5 0
3	 1 2 3 4 5 6 0
4	 1 6 0
4	 2 5 0
4	 3 4 0
5	 1 2 5 0
5	 1 2 6 0
5	 1 3 4 0
5	 1 3 6 0
5	 1 4 6 0
5	 1 5 6 0
5	 2 3 4 0
5	 2 3 5 0
5	 2 4 5 0
5	 2 5 6 0
5	 3 4 5 0
5	 3 4 6 0
6	 1 2 3 4 5 0
6	 1 2 3 4 6 0
6	 1 2 3 5 6 0
6	 1 2 4 5 6 0
6	 1 3 4 5 6 0
6	 2 3 4 5 6 0
7	 1 2 4 0
7	 1 3 5 0
7	 2 3 6 0
7	 4 5 6 0
8	 1 2 3 4 0
8	 1 2 3 5 0
8	 1 2 3 6 0
8	 1 2 4 5 0
8	 1 2 4 6 0
8	 1 3 4 5 0
8	 1 3 5 6 0
8	 1 4 5 6 0
8	 2 3 4 6 0
8	 2 3 5 6 0
8	 2 4 5 6 0
8	 3 4 5 6 0
9	 1 2 3 0
9	 1 4 5 0
9	 2 4 6 0
9	 3 5 6 0
11	 1 0
11	 2 0
11	 3 0
11	 4 0
11	 5 0
11	 6 0
