15	 1 2 3 5 6 10 0
1	 0
10	 1 2 3 4 5 6 10 0
10	 1 2 3 4 5 6 9 0
10	 1 2 3 4 5 7 10 0
10	 1 2 3 4 5 7 8 0
10	 1 2 3 4 5 8 10 0
10	 1 2 3 4 5 9 10 0
10	 1 2 3 4 6 7 8 0
10	 1 2 3 4 6 7 9 0
10	 1 2 3 4 6 8 9 0
10	 1 2 3 4 6 9 10 0
10	 1 2 3 4 7 8 10 0
10	 1 2 3 4 7 8 9 0
10	 1 2 3 5 6 7 10 0
10	 1 2 3 5 6 7 9 0
10	 1 2 3 5 7 8 9 0
10	 1 2 3 5 8 9 10 0
10	 1 2 3 6 7 8 10 0
10	 1 2 3 6 8 9 10 0
10	 1 2 4 5 6 7 10 0
10	 1 2 4 5 6 7 8 0
10	 1 2 4 5 6 8 9 0
10	 1 2 4 5 8 9 10 0
10	 1 2 4 6 7 9 10 0
10	 1 2 4 7 8 9 10 0
10	 1 2 5 6 7 8 10 0
10	 1 2 5 6 7 9 10 0
10	 1 2 5 6 8 9 10 0
10	 1 2 5 7 8 9 10 0
10	 1 3 4 5 6 7 8 0
10	 1 3 4 5 6 7 9 0
10	 1 3 4 5 6 8 10 0
10	 1 3 4 5 7 9 10 0
10	 1 3 4 6 8 9 10 0
10	 1 3 4 7 8 9 10 0
10	 1 3 5 6 7 8 9 0
10	 1 3 5 6 7 9 10 0
10	 1 3 5 6 8 9 10 0
10	 1 3 6 7 8 9 10 0
10	 1 4 5 6 7 8 10 0
10	 1 4 5 6 7 8 9 0
10	 1 4 5 7 8 9 10 0
10	 1 4 6 7 8 9 10 0
10	 2 3 4 5 6 8 10 0
10	 2 3 4 5 6 8 9 0
10	 2 3 4 5 7 8 9 0
10	 2 3 4 5 7 9 10 0
10	 2 3 4 6 7 8 10 0
10	 2 3 4 6 7 9 10 0
10	 2 3 5 6 7 8 10 0
10	 2 3 5 6 7 8 9 0
10	 2 3 5 7 8 9 10 0
10	 2 3 6 7 8 9 10 0
10	 2 4 5 6 7 8 9 0
10	 2 4 5 6 7 9 10 0
10	 2 4 5 6 8 9 10 0
10	 2 4 6 7 8 9 10 0
10	 3 4 5 6 7 8 10 0
10	 3 4 5 6 7 9 10 0
10	 3 4 5 6 8 9 10 0
10	 3 4 5 7 8 9 10 0
11	 1 10 0
11	 1 8 0
11	 1 9 0
11	 2 10 0
11	 2 6 0
11	 2 7 0
11	 3 5 0
11	 3 7 0
11	 3 9 0
11	 4 5 0
11	 4 6 0
11	 4 8 0
11	 5 10 0
11	 6 9 0
11	 7 8 0
12	 1 2 3 4 5 6 7 8 10 0
12	 1 2 3 4 5 6 7 8 9 0
12	 1 2 3 4 5 6 7 9 10 0
12	 1 2 3 4 5 6 8 9 10 0
12	 1 2 3 4 5 7 8 9 10 0
12	 1 2 3 4 6 7 8 9 10 0
12	 1 2 3 5 6 7 8 9 10 0
12	 1 2 4 5 6 7 8 9 10 0
12	 1 3 4 5 6 7 8 9 10 0
12	 2 3 4 5 6 7 8 9 10 0
13	 1 2 3 4 5 6 7 10 0
13	 1 2 3 4 5 6 7 8 0
13	 1 2 3 4 5 6 7 9 0
13	 1 2 3 4 5 6 8 10 0
13	 1 2 3 4 5 6 8 9 0
13	 1 2 3 4 5 7 8 9 0
13	 1 2 3 4 5 7 9 10 0
13	 1 2 3 4 5 8 9 10 0
13	 1 2 3 4 6 7 8 10 0
13	 1 2 3 4 6 7 9 10 0
13	 1 2 3 4 6 8 9 10 0
13	 1 2 3 4 7 8 9 10 0
13	 1 2 3 5 6 7 8 10 0
13	 1 2 3 5 6 7 8 9 0
13	 1 2 3 5 6 8 9 10 0
13	 1 2 4 5 6 7 8 9 0
13	 1 2 4 5 6 7 9 10 0
13	 1 2 4 5 7 8 9 10 0
13	 1 2 5 6 7 8 9 10 0
13	 1 3 4 5 6 7 8 10 0
13	 1 3 4 5 6 7 9 10 0
13	 1 3 4 6 7 8 9 10 0
13	 1 3 5 6 7 8 9 10 0
13	 1 4 5 6 7 8 9 10 0
13	 2 3 4 5 6 8 9 10 0
13	 2 3 4 5 7 8 9 10 0
13	 2 3 4 6 7 8 9 10 0
13	 2 3 5 6 7 8 9 10 0
13	 2 4 5 6 7 8 9 10 0
13	 3 4 5 6 7 8 9 10 0
14	 1 2 6 8 0
14	 1 2 7 9 0
14	 1 3 5 8 0
14	 1 3 7 10 0
14	 1 4 5 9 0
14	 1 4 6 10 0
14	 2 3 5 6 0
14	 2 3 9 10 0
14	 2 4 5 7 0
14	 2 4 8 10 0
14	 3 4 6 7 0
14	 3 4 8 9 0
14	 5 6 9 10 0
14	 5 7 8 10 0
14	 6 7 8 9 0
15	 1 2 3 5 6 9 0
15	 1 2 3 5 7 8 0
15	 1 2 3 5 7 9 0
15	 1 2 3 5 8 10 0
15	 1 2 3 6 7 10 0
15	 1 2 3 6 7 8 0
15	 1 2 3 6 8 9 0
15	 1 2 3 8 9 10 0
15	 1 2 4 5 6 8 0
15	 1 2 4 5 6 9 0
15	 1 2 4 5 7 10 0
15	 1 2 4 5 7 8 0
15	 1 2 4 5 9 10 0
15	 1 2 4 6 7 10 0
15	 1 2 4 6 7 9 0
15	 1 2 4 7 8 9 0
15	 1 2 4 8 9 10 0
15	 1 2 5 6 8 10 0
15	 1 2 5 7 9 10 0
15	 1 3 4 5 6 10 0
15	 1 3 4 5 6 8 0
15	 1 3 4 5 7 10 0
15	 1 3 4 5 7 9 0
15	 1 3 4 6 7 8 0
15	 1 3 4 6 7 9 0
15	 1 3 4 6 9 10 0
15	 1 3 4 7 8 10 0
15	 1 3 4 8 9 10 0
15	 1 3 5 6 8 9 0
15	 1 3 6 7 9 10 0
15	 1 4 5 7 8 9 0
15	 1 4 6 7 8 10 0
15	 1 5 6 8 9 10 0
15	 1 5 7 8 9 10 0
15	 1 6 7 8 9 10 0
15	 2 3 4 5 6 8 0
15	 2 3 4 5 7 9 0
15	 2 3 4 5 8 10 0
15	 2 3 4 5 9 10 0
15	 2 3 4 6 7 10 0
15	 2 3 4 6 8 9 0
15	 2 3 4 6 9 10 0
15	 2 3 4 7 8 10 0
15	 2 3 4 7 8 9 0
15	 2 3 5 6 7 8 0
15	 2 3 7 8 9 10 0
15	 2 4 5 6 7 9 0
15	 2 4 6 8 9 10 0
15	 2 5 6 7 8 10 0
15	 2 5 6 7 9 10 0
15	 2 6 7 8 9 10 0
15	 3 4 5 6 7 10 0
15	 3 4 5 8 9 10 0
15	 3 5 6 7 8 9 0
15	 3 5 6 7 9 10 0
15	 3 5 7 8 9 10 0
15	 4 5 6 7 8 10 0
15	 4 5 6 7 8 9 0
15	 4 5 6 8 9 10 0
16	 1 2 3 4 5 6 8 0
16	 1 2 3 4 5 7 9 0
16	 1 2 3 4 6 7 10 0
16	 1 2 3 4 8 9 10 0
16	 1 2 3 5 6 7 8 0
16	 1 2 3 5 6 8 10 0
16	 1 2 3 5 6 8 9 0
16	 1 2 4 5 6 7 9 0
16	 1 2 4 5 7 8 9 0
16	 1 2 4 5 7 9 10 0
16	 1 3 4 5 6 7 10 0
16	 1 3 4 6 7 8 10 0
16	 1 3 4 6 7 9 10 0
16	 1 5 6 7 8 9 10 0
16	 2 3 4 5 8 9 10 0
16	 2 3 4 6 8 9 10 0
16	 2 3 4 7 8 9 10 0
16	 2 5 6 7 8 9 10 0
16	 3 5 6 7 8 9 10 0
16	 4 5 6 7 8 9 10 0
17	 1 2 3 5 6 8 0
17	 1 2 4 5 7 9 0
17	 1 3 4 6 7 10 0
17	 2 3 4 8 9 10 0
17	 5 6 7 8 9 10 0
18	 1 2 3 5 7 0
18	 1 2 3 5 9 0
18	 1 2 3 6 10 0
18	 1 2 3 6 7 0
18	 1 2 3 8 10 0
18	 1 2 3 8 9 0
18	 1 2 4 5 6 0
18	 1 2 4 5 8 0
18	 1 2 4 6 7 0
18	 1 2 4 7 10 0
18	 1 2 4 8 9 0
18	 1 2 4 9 10 0
18	 1 2 5 6 9 0
18	 1 2 5 7 8 0
18	 1 3 4 5 6 0
18	 1 3 4 5 7 0
18	 1 3 4 6 8 0
18	 1 3 4 7 9 0
18	 1 3 4 8 10 0
18	 1 3 4 9 10 0
18	 1 3 5 6 10 0
18	 1 3 6 7 8 0
18	 1 4 5 7 10 0
18	 1 4 6 7 9 0
18	 1 5 6 8 10 0
18	 1 5 6 8 9 0
18	 1 5 7 8 9 0
18	 1 5 7 9 10 0
18	 1 6 7 8 10 0
18	 1 6 7 9 10 0
18	 2 3 4 5 8 0
18	 2 3 4 5 9 0
18	 2 3 4 6 10 0
18	 2 3 4 6 8 0
18	 2 3 4 7 10 0
18	 2 3 4 7 9 0
18	 2 3 5 8 10 0
18	 2 3 6 8 9 0
18	 2 4 5 9 10 0
18	 2 4 7 8 9 0
18	 2 5 6 7 8 0
18	 2 5 6 7 9 0
18	 2 5 6 8 10 0
18	 2 5 7 9 10 0
18	 2 6 8 9 10 0
18	 2 7 8 9 10 0
18	 3 4 6 9 10 0
18	 3 4 7 8 10 0
18	 3 5 6 7 10 0
18	 3 5 6 7 8 0
18	 3 5 6 8 9 0
18	 3 5 8 9 10 0
18	 3 6 7 9 10 0
18	 3 7 8 9 10 0
18	 4 5 6 7 10 0
18	 4 5 6 7 9 0
18	 4 5 7 8 9 0
18	 4 5 8 9 10 0
18	 4 6 7 8 10 0
18	 4 6 8 9 10 0
19	 1 2 6 10 0
19	 1 2 6 9 0
19	 1 2 7 10 0
19	 1 2 7 8 0
19	 1 2 8 10 0
19	 1 2 9 10 0
19	 1 3 5 10 0
19	 1 3 5 9 0
19	 1 3 7 8 0
19	 1 3 7 9 0
19	 1 3 8 9 0
19	 1 3 9 10 0
19	 1 4 5 10 0
19	 1 4 5 8 0
19	 1 4 6 8 0
19	 1 4 6 9 0
19	 1 4 8 10 0
19	 1 4 8 9 0
19	 1 5 8 10 0
19	 1 5 9 10 0
19	 1 6 8 9 0
19	 1 6 9 10 0
19	 1 7 8 10 0
19	 1 7 8 9 0
19	 2 3 5 10 0
19	 2 3 5 7 0
19	 2 3 6 7 0
19	 2 3 6 9 0
19	 2 3 7 10 0
19	 2 3 7 9 0
19	 2 4 5 10 0
19	 2 4 5 6 0
19	 2 4 6 10 0
19	 2 4 6 7 0
19	 2 4 6 8 0
19	 2 4 7 8 0
19	 2 5 6 10 0
19	 2 5 7 10 0
19	 2 6 7 8 0
19	 2 6 7 9 0
19	 2 6 9 10 0
19	 2 7 8 10 0
19	 3 4 5 6 0
19	 3 4 5 7 0
19	 3 4 5 8 0
19	 3 4 5 9 0
19	 3 4 6 9 0
19	 3 4 7 8 0
19	 3 5 6 9 0
19	 3 5 7 10 0
19	 3 5 7 8 0
19	 3 5 9 10 0
19	 3 6 7 9 0
19	 3 7 8 9 0
19	 4 5 6 10 0
19	 4 5 6 9 0
19	 4 5 7 8 0
19	 4 5 8 10 0
19	 4 6 7 8 0
19	 4 6 8 9 0
20	 1 2 3 10 0
20	 1 2 3 7 0
20	 1 2 3 9 0
20	 1 2 4 10 0
20	 1 2 4 6 0
20	 1 2 4 8 0
20	 1 2 6 7 0
20	 1 2 8 9 0
20	 1 3 4 5 0
20	 1 3 4 8 0
20	 1 3 4 9 0
20	 1 3 5 7 0
20	 1 3 8 10 0
20	 1 4 5 6 0
20	 1 4 9 10 0
20	 1 5 6 10 0
20	 1 5 6 9 0
20	 1 5 7 10 0
20	 1 5 7 8 0
20	 1 5 8 9 0
20	 1 6 7 8 0
20	 1 6 7 9 0
20	 1 6 8 10 0
20	 1 7 9 10 0
20	 2 3 4 5 0
20	 2 3 4 6 0
20	 2 3 4 7 0
20	 2 3 5 9 0
20	 2 3 6 10 0
20	 2 4 5 8 0
20	 2 4 7 10 0
20	 2 5 6 7 0
20	 2 5 6 9 0
20	 2 5 7 8 0
20	 2 5 8 10 0
20	 2 5 9 10 0
20	 2 6 8 10 0
20	 2 6 8 9 0
20	 2 7 8 9 0
20	 2 7 9 10 0
20	 3 4 6 8 0
20	 3 4 7 9 0
20	 3 5 6 10 0
20	 3 5 6 7 0
20	 3 5 8 10 0
20	 3 5 8 9 0
20	 3 6 7 8 0
20	 3 6 8 9 0
20	 3 6 9 10 0
20	 3 7 8 10 0
20	 3 7 9 10 0
20	 4 5 6 7 0
20	 4 5 7 10 0
20	 4 5 8 9 0
20	 4 5 9 10 0
20	 4 6 7 9 0
20	 4 6 8 10 0
20	 4 6 9 10 0
20	 4 7 8 10 0
20	 4 7 8 9 0
21	 1 2 3 4 10 0
21	 1 2 3 4 5 0
21	 1 2 3 4 6 0
21	 1 2 3 4 7 0
21	 1 2 3 4 8 0
21	 1 2 3 4 9 0
21	 1 2 5 6 7 0
21	 1 2 5 8 9 0
21	 1 3 5 6 7 0
21	 1 3 6 8 10 0
21	 1 4 5 6 7 0
21	 1 4 7 9 10 0
21	 1 5 6 7 10 0
21	 1 5 6 7 8 0
21	 1 5 6 7 9 0
21	 2 3 5 8 9 0
21	 2 3 6 8 10 0
21	 2 4 5 8 9 0
21	 2 4 7 9 10 0
21	 2 5 6 8 9 0
21	 2 5 7 8 9 0
21	 2 5 8 9 10 0
2	 1 2 6 9 10 0
2	 1 2 7 8 10 0
21	 3 4 6 8 10 0
21	 3 4 7 9 10 0
21	 3 5 6 8 10 0
2	 1 3 5 9 10 0
21	 3 6 7 8 10 0
21	 3 6 8 9 10 0
2	 1 3 7 8 9 0
21	 4 5 7 9 10 0
2	 1 4 5 8 10 0
21	 4 6 7 9 10 0
2	 1 4 6 8 9 0
21	 4 7 8 9 10 0
22	 1 2 10 0
22	 1 3 9 0
22	 1 4 8 0
22	 1 5 10 0
22	 1 6 9 0
22	 1 7 8 0
22	 1 8 10 0
22	 1 8 9 0
22	 1 9 10 0
22	 2 3 7 0
22	 2 4 6 0
22	 2 5 10 0
22	 2 6 10 0
22	 2 6 7 0
22	 2 6 9 0
22	 2 7 10 0
22	 2 7 8 0
22	 3 4 5 0
22	 3 5 10 0
22	 3 5 7 0
2	 2 3 5 7 10 0
22	 3 5 9 0
2	 2 3 6 7 9 0
22	 3 6 9 0
22	 3 7 8 0
22	 3 7 9 0
22	 4 5 10 0
22	 4 5 6 0
2	 2 4 5 6 10 0
22	 4 5 8 0
2	 2 4 6 7 8 0
22	 4 6 8 0
22	 4 6 9 0
22	 4 7 8 0
23	 1 2 3 5 0
23	 1 2 3 6 0
23	 1 2 3 8 0
23	 1 2 4 5 0
23	 1 2 4 7 0
23	 1 2 4 9 0
23	 1 2 5 6 0
23	 1 2 5 7 0
23	 1 2 5 8 0
23	 1 2 5 9 0
23	 1 3 4 10 0
23	 1 3 4 6 0
23	 1 3 4 7 0
23	 1 3 5 6 0
23	 1 3 6 10 0
23	 1 3 6 7 0
23	 1 3 6 8 0
23	 1 4 5 7 0
23	 1 4 6 7 0
23	 1 4 7 10 0
23	 1 4 7 9 0
23	 1 5 6 8 0
23	 1 5 7 9 0
23	 1 6 7 10 0
23	 2 3 4 10 0
23	 2 3 4 8 0
23	 2 3 4 9 0
23	 2 3 5 8 0
23	 2 3 6 8 0
23	 2 3 8 10 0
23	 2 3 8 9 0
23	 2 4 5 9 0
23	 2 4 7 9 0
23	 2 4 8 9 0
23	 2 4 9 10 0
23	 2 5 6 8 0
23	 2 5 7 9 0
23	 2 8 9 10 0
23	 3 4 6 10 0
23	 3 4 7 10 0
23	 3 4 8 10 0
23	 3 4 9 10 0
23	 3 5 6 8 0
23	 3 6 7 10 0
23	 3 8 9 10 0
2	 3 4 5 6 9 0
2	 3 4 5 7 8 0
23	 4 5 7 9 0
23	 4 6 7 10 0
23	 4 8 9 10 0
23	 5 6 7 10 0
23	 5 6 7 8 0
23	 5 6 7 9 0
23	 5 6 8 10 0
23	 5 6 8 9 0
23	 5 7 8 9 0
23	 5 7 9 10 0
23	 5 8 9 10 0
23	 6 7 8 10 0
23	 6 7 9 10 0
23	 6 8 9 10 0
23	 7 8 9 10 0
24	 1 2 3 4 5 6 7 0
24	 1 2 3 4 5 8 9 0
24	 1 2 3 4 6 8 10 0
24	 1 2 3 4 7 9 10 0
24	 1 2 5 6 7 8 9 0
24	 1 3 5 6 7 8 10 0
24	 1 4 5 6 7 9 10 0
24	 2 3 5 6 8 9 10 0
24	 2 4 5 7 8 9 10 0
24	 3 4 6 7 8 9 10 0
25	 1 2 3 7 9 10 0
25	 1 2 4 6 8 10 0
25	 1 2 6 7 8 9 0
25	 1 3 4 5 8 9 0
25	 1 3 5 7 8 10 0
25	 1 4 5 6 9 10 0
25	 2 3 4 5 6 7 0
25	 2 3 5 6 9 10 0
25	 2 4 5 7 8 10 0
25	 3 4 6 7 8 9 0
26	 1 2 5 0
26	 1 3 6 0
26	 1 4 7 0
26	 2 3 8 0
26	 2 4 9 0
26	 3 4 10 0
26	 5 6 8 0
26	 5 7 9 0
26	 6 7 10 0
26	 8 9 10 0
27	 1 2 3 5 6 0
27	 1 2 3 5 8 0
27	 1 2 3 6 8 0
27	 1 2 4 5 7 0
27	 1 2 4 5 9 0
27	 1 2 4 7 9 0
27	 1 2 5 6 8 0
27	 1 2 5 7 9 0
27	 1 3 4 6 10 0
27	 1 3 4 6 7 0
27	 1 3 4 7 10 0
27	 1 3 5 6 8 0
27	 1 3 6 7 10 0
27	 1 4 5 7 9 0
27	 1 4 6 7 10 0
27	 2 3 4 8 10 0
27	 2 3 4 8 9 0
27	 2 3 4 9 10 0
27	 2 3 5 6 8 0
27	 2 3 8 9 10 0
27	 2 4 5 7 9 0
27	 2 4 8 9 10 0
27	 3 4 6 7 10 0
27	 3 4 8 9 10 0
27	 5 6 7 8 10 0
27	 5 6 7 8 9 0
27	 5 6 7 9 10 0
27	 5 6 8 9 10 0
27	 5 7 8 9 10 0
27	 6 7 8 9 10 0
28	 1 2 3 7 10 0
28	 1 2 3 7 9 0
28	 1 2 3 9 10 0
28	 1 2 4 6 10 0
28	 1 2 4 6 8 0
28	 1 2 4 8 10 0
28	 1 2 6 7 8 0
28	 1 2 6 7 9 0
28	 1 2 6 8 10 0
28	 1 2 6 8 9 0
28	 1 2 7 8 9 0
28	 1 2 7 9 10 0
28	 1 3 4 5 8 0
28	 1 3 4 5 9 0
28	 1 3 4 8 9 0
28	 1 3 5 7 10 0
28	 1 3 5 7 8 0
28	 1 3 5 8 10 0
28	 1 3 5 8 9 0
28	 1 3 7 8 10 0
28	 1 3 7 9 10 0
28	 1 4 5 6 10 0
28	 1 4 5 6 9 0
28	 1 4 5 8 9 0
28	 1 4 5 9 10 0
28	 1 4 6 8 10 0
28	 1 4 6 9 10 0
28	 1 5 6 9 10 0
28	 1 5 7 8 10 0
28	 1 6 7 8 9 0
28	 2 3 4 5 6 0
28	 2 3 4 5 7 0
28	 2 3 4 6 7 0
28	 2 3 5 6 10 0
28	 2 3 5 6 7 0
28	 2 3 5 6 9 0
28	 2 3 5 9 10 0
28	 2 3 6 9 10 0
28	 2 3 7 9 10 0
28	 2 4 5 6 7 0
28	 2 4 5 7 10 0
28	 2 4 5 7 8 0
28	 2 4 5 8 10 0
28	 2 4 6 8 10 0
28	 2 4 7 8 10 0
28	 2 5 6 9 10 0
28	 2 5 7 8 10 0
28	 2 6 7 8 9 0
28	 3 4 5 6 7 0
28	 3 4 5 8 9 0
28	 3 4 6 7 8 0
28	 3 4 6 7 9 0
28	 3 4 6 8 9 0
28	 3 4 7 8 9 0
28	 3 5 6 9 10 0
28	 3 5 7 8 10 0
28	 3 6 7 8 9 0
28	 4 5 6 9 10 0
28	 4 5 7 8 10 0
28	 4 6 7 8 9 0
29	 1 2 3 4 5 6 0
29	 1 2 3 4 5 7 0
29	 1 2 3 4 5 8 0
29	 1 2 3 4 5 9 0
29	 1 2 3 4 6 10 0
29	 1 2 3 4 6 7 0
29	 1 2 3 4 6 8 0
29	 1 2 3 4 7 10 0
29	 1 2 3 4 7 9 0
29	 1 2 3 4 8 10 0
29	 1 2 3 4 8 9 0
29	 1 2 3 4 9 10 0
29	 1 2 3 5 6 7 0
29	 1 2 3 5 8 9 0
29	 1 2 3 6 8 10 0
29	 1 2 4 5 6 7 0
29	 1 2 4 5 8 9 0
29	 1 2 4 7 9 10 0
29	 1 2 5 6 7 8 0
29	 1 2 5 6 7 9 0
29	 1 2 5 6 8 9 0
29	 1 2 5 7 8 9 0
29	 1 3 4 5 6 7 0
29	 1 3 4 6 8 10 0
29	 1 3 4 7 9 10 0
29	 1 3 5 6 7 10 0
29	 1 3 5 6 7 8 0
29	 1 3 5 6 8 10 0
29	 1 3 6 7 8 10 0
29	 1 4 5 6 7 10 0
29	 1 4 5 6 7 9 0
29	 1 4 5 7 9 10 0
29	 1 4 6 7 9 10 0
29	 1 5 6 7 8 10 0
29	 1 5 6 7 8 9 0
29	 1 5 6 7 9 10 0
29	 2 3 4 5 8 9 0
29	 2 3 4 6 8 10 0
29	 2 3 4 7 9 10 0
29	 2 3 5 6 8 10 0
29	 2 3 5 6 8 9 0
29	 2 3 5 8 9 10 0
29	 2 3 6 8 9 10 0
29	 2 4 5 7 8 9 0
29	 2 4 5 7 9 10 0
29	 2 4 5 8 9 10 0
29	 2 4 7 8 9 10 0
29	 2 5 6 7 8 9 0
29	 2 5 6 8 9 10 0
29	 2 5 7 8 9 10 0
29	 3 4 6 7 8 10 0
29	 3 4 6 7 9 10 0
29	 3 4 6 8 9 10 0
29	 3 4 7 8 9 10 0
29	 3 5 6 7 8 10 0
29	 3 5 6 8 9 10 0
29	 3 6 7 8 9 10 0
29	 4 5 6 7 9 10 0
29	 4 5 7 8 9 10 0
29	 4 6 7 8 9 10 0
30	 1 2 6 0
30	 1 2 7 0
30	 1 2 8 0
30	 1 2 9 0
30	 1 3 10 0
30	 1 3 5 0
30	 1 3 7 0
30	 1 3 8 0
30	 1 4 10 0
30	 1 4 5 0
30	 1 4 6 0
30	 1 4 9 0
30	 1 5 8 0
30	 1 5 9 0
30	 1 6 10 0
30	 1 6 8 0
30	 1 7 10 0
30	 1 7 9 0
30	 2 3 10 0
30	 2 3 5 0
30	 2 3 6 0
30	 2 3 9 0
30	 2 4 10 0
30	 2 4 5 0
30	 2 4 7 0
30	 2 4 8 0
30	 2 5 6 0
30	 2 5 7 0
30	 2 6 8 0
30	 2 7 9 0
30	 2 8 10 0
30	 2 9 10 0
30	 3 4 6 0
30	 3 4 7 0
30	 3 4 8 0
30	 3 4 9 0
30	 3 5 6 0
30	 3 5 8 0
30	 3 6 7 0
30	 3 7 10 0
30	 3 8 9 0
30	 3 9 10 0
30	 4 5 7 0
30	 4 5 9 0
30	 4 6 10 0
30	 4 6 7 0
30	 4 8 10 0
30	 4 8 9 0
30	 5 6 10 0
30	 5 6 9 0
30	 5 7 10 0
30	 5 7 8 0
30	 5 8 10 0
30	 5 9 10 0
30	 6 7 8 0
30	 6 7 9 0
30	 6 8 9 0
30	 6 9 10 0
30	 7 8 10 0
30	 7 8 9 0
31	 1 0
31	 10 0
31	 2 0
3	 1 2 3 4 5 6 9 10 0
3	 1 2 3 4 5 7 8 10 0
3	 1 2 3 4 6 7 8 9 0
3	 1 2 3 5 6 7 9 10 0
3	 1 2 3 5 7 8 9 10 0
3	 1 2 3 6 7 8 9 10 0
3	 1 2 4 5 6 7 8 10 0
3	 1 2 4 5 6 8 9 10 0
3	 1 2 4 6 7 8 9 10 0
31	 3 0
3	 1 3 4 5 6 7 8 9 0
3	 1 3 4 5 6 8 9 10 0
3	 1 3 4 5 7 8 9 10 0
31	 4 0
31	 5 0
31	 6 0
31	 7 0
31	 8 0
31	 9 0
32	 1 2 0
32	 2 5 0
32	 1 3 0
32	 1 4 0
32	 1 5 0
32	 1 6 0
32	 1 7 0
32	 2 3 0
32	 2 4 0
32	 2 8 0
32	 2 9 0
32	 3 10 0
32	 3 4 0
3	 2 3 4 5 6 7 8 10 0
3	 2 3 4 5 6 7 8 9 0
3	 2 3 4 5 6 7 9 10 0
32	 3 6 0
32	 3 8 0
32	 4 10 0
32	 4 7 0
32	 4 9 0
32	 5 6 0
32	 5 7 0
32	 5 8 0
32	 5 9 0
32	 6 10 0
32	 6 7 0
32	 6 8 0
32	 7 10 0
32	 7 9 0
32	 8 10 0
32	 8 9 0
32	 9 10 0
33	 1 2 3 4 0
33	 1 5 6 7 0
33	 2 5 8 9 0
33	 3 6 8 10 0
33	 4 7 9 10 0
34	 1 2 3 0
34	 1 2 4 0
34	 1 3 4 0
34	 1 5 6 0
34	 1 5 7 0
34	 1 6 7 0
34	 2 3 4 0
34	 2 5 8 0
34	 2 5 9 0
34	 2 8 9 0
34	 3 6 10 0
34	 3 6 8 0
34	 3 8 10 0
34	 4 7 10 0
34	 4 7 9 0
34	 4 9 10 0
34	 5 6 7 0
34	 5 8 9 0
34	 6 8 10 0
34	 7 9 10 0
4	 1 2 3 5 6 9 10 0
4	 1 2 3 5 7 8 10 0
4	 1 2 3 5 7 9 10 0
4	 1 2 3 6 7 8 9 0
4	 1 2 3 6 7 9 10 0
4	 1 2 3 7 8 9 10 0
4	 1 2 4 5 6 8 10 0
4	 1 2 4 5 6 9 10 0
4	 1 2 4 5 7 8 10 0
4	 1 2 4 6 7 8 10 0
4	 1 2 4 6 7 8 9 0
4	 1 2 4 6 8 9 10 0
4	 1 2 6 7 8 9 10 0
4	 1 3 4 5 6 8 9 0
4	 1 3 4 5 6 9 10 0
4	 1 3 4 5 7 8 10 0
4	 1 3 4 5 7 8 9 0
4	 1 3 4 5 8 9 10 0
4	 1 3 4 6 7 8 9 0
4	 1 3 5 7 8 9 10 0
4	 1 4 5 6 8 9 10 0
4	 2 3 4 5 6 7 10 0
4	 2 3 4 5 6 7 8 0
4	 2 3 4 5 6 7 9 0
4	 2 3 4 5 6 9 10 0
4	 2 3 4 5 7 8 10 0
4	 2 3 4 6 7 8 9 0
4	 2 3 5 6 7 9 10 0
4	 2 4 5 6 7 8 10 0
4	 3 4 5 6 7 8 9 0
5	 1 2 3 5 7 10 0
5	 1 2 3 5 9 10 0
5	 1 2 3 6 7 9 0
5	 1 2 3 6 9 10 0
5	 1 2 3 7 8 10 0
5	 1 2 3 7 8 9 0
5	 1 2 4 5 6 10 0
5	 1 2 4 5 8 10 0
5	 1 2 4 6 7 8 0
5	 1 2 4 6 8 9 0
5	 1 2 4 6 9 10 0
5	 1 2 4 7 8 10 0
5	 1 2 5 6 9 10 0
5	 1 2 5 7 8 10 0
5	 1 2 6 7 8 10 0
5	 1 2 6 7 9 10 0
5	 1 2 6 8 9 10 0
5	 1 2 7 8 9 10 0
5	 1 3 4 5 6 9 0
5	 1 3 4 5 7 8 0
5	 1 3 4 5 8 10 0
5	 1 3 4 5 9 10 0
5	 1 3 4 6 8 9 0
5	 1 3 4 7 8 9 0
5	 1 3 5 6 9 10 0
5	 1 3 5 7 8 9 0
5	 1 3 5 7 9 10 0
5	 1 3 5 8 9 10 0
5	 1 3 6 7 8 9 0
5	 1 3 7 8 9 10 0
5	 1 4 5 6 8 10 0
5	 1 4 5 6 8 9 0
5	 1 4 5 7 8 10 0
5	 1 4 5 8 9 10 0
5	 1 4 6 7 8 9 0
5	 1 4 6 8 9 10 0
5	 2 3 4 5 6 10 0
5	 2 3 4 5 6 9 0
5	 2 3 4 5 7 10 0
5	 2 3 4 5 7 8 0
5	 2 3 4 6 7 8 0
5	 2 3 4 6 7 9 0
5	 2 3 5 6 7 10 0
5	 2 3 5 6 7 9 0
5	 2 3 5 7 8 10 0
5	 2 3 5 7 9 10 0
5	 2 3 6 7 8 9 0
5	 2 3 6 7 9 10 0
5	 2 4 5 6 7 10 0
5	 2 4 5 6 7 8 0
5	 2 4 5 6 8 10 0
5	 2 4 5 6 9 10 0
5	 2 4 6 7 8 10 0
5	 2 4 6 7 8 9 0
5	 3 4 5 6 7 8 0
5	 3 4 5 6 7 9 0
5	 3 4 5 6 8 9 0
5	 3 4 5 6 9 10 0
5	 3 4 5 7 8 10 0
5	 3 4 5 7 8 9 0
6	 1 2 3 5 10 0
6	 1 2 3 6 9 0
6	 1 2 3 7 8 0
6	 1 2 4 5 10 0
6	 1 2 4 6 9 0
6	 1 2 4 7 8 0
6	 1 2 5 6 10 0
6	 1 2 5 7 10 0
6	 1 2 5 8 10 0
6	 1 2 5 9 10 0
6	 1 2 6 7 10 0
6	 1 2 8 9 10 0
6	 1 3 4 5 10 0
6	 1 3 4 6 9 0
6	 1 3 4 7 8 0
6	 1 3 5 6 9 0
6	 1 3 5 7 9 0
6	 1 3 6 7 9 0
6	 1 3 6 8 9 0
6	 1 3 6 9 10 0
6	 1 3 8 9 10 0
6	 1 4 5 6 8 0
6	 1 4 5 7 8 0
6	 1 4 6 7 8 0
6	 1 4 7 8 10 0
6	 1 4 7 8 9 0
6	 1 4 8 9 10 0
6	 1 5 8 9 10 0
6	 1 6 8 9 10 0
6	 1 7 8 9 10 0
6	 2 3 4 5 10 0
6	 2 3 4 6 9 0
6	 2 3 4 7 8 0
6	 2 3 5 7 8 0
6	 2 3 5 7 9 0
6	 2 3 6 7 10 0
6	 2 3 6 7 8 0
6	 2 3 7 8 10 0
6	 2 3 7 8 9 0
6	 2 4 5 6 8 0
6	 2 4 5 6 9 0
6	 2 4 6 7 10 0
6	 2 4 6 7 9 0
6	 2 4 6 8 9 0
6	 2 4 6 9 10 0
6	 2 5 6 7 10 0
6	 2 6 7 8 10 0
6	 2 6 7 9 10 0
6	 3 4 5 6 10 0
6	 3 4 5 6 8 0
6	 3 4 5 7 10 0
6	 3 4 5 7 9 0
6	 3 4 5 8 10 0
6	 3 4 5 9 10 0
6	 3 5 6 7 9 0
6	 3 5 7 8 9 0
6	 3 5 7 9 10 0
6	 4 5 6 7 8 0
6	 4 5 6 8 10 0
6	 4 5 6 8 9 0
7	 1 2 5 10 0
7	 1 3 6 9 0
7	 1 4 7 8 0
7	 1 8 9 10 0
7	 2 3 7 8 0
7	 2 4 6 9 0
7	 2 6 7 10 0
7	 3 4 5 10 0
7	 3 5 7 9 0
7	 4 5 6 8 0
8	 1 2 3 4 5 10 0
8	 1 2 3 4 6 9 0
8	 1 2 3 4 7 8 0
8	 1 2 5 6 7 10 0
8	 1 2 5 8 9 10 0
8	 1 3 5 6 7 9 0
8	 1 3 6 8 9 10 0
8	 1 4 5 6 7 8 0
8	 1 4 7 8 9 10 0
8	 2 3 5 7 8 9 0
8	 2 3 6 7 8 10 0
8	 2 4 5 6 8 9 0
8	 2 4 6 7 9 10 0
8	 3 4 5 6 8 10 0
8	 3 4 5 7 9 10 0
9	 1 2 3 4 5 6 7 8 9 10 0
